session,elapsed_sec,battery_voltage_v,note
1,0,1.1524,
1,1,1.1557,
1,2,1.1517,
1,3,1.1473,
1,4,1.1503,
1,5,1.1488,
1,6,1.1476,
1,7,1.1495,
1,8,1.1463,
1,9,1.1453,
1,10,1.1436,
1,11,1.1442,
1,12,1.1367,
1,13,1.1379,
1,14,1.1365,
1,15,1.1376,
1,16,1.1399,
1,17,1.1374,
1,18,1.1359,
1,19,1.1335,
1,20,1.1369,
1,21,1.1361,
1,22,1.1342,
1,23,1.1303,
1,24,1.1329,
1,25,1.1282,
1,26,1.1282,
1,27,1.1296,
1,28,1.1298,
1,29,1.1266,
1,30,1.1305,
1,31,1.1214,
1,32,1.124,
1,33,1.1259,
1,34,1.1242,
1,35,1.1236,
1,36,1.1236,
1,37,1.124,
1,38,1.1257,
1,39,1.1213,
1,40,1.1204,
1,41,1.1136,
1,42,1.1224,
1,43,1.1201,
1,44,1.1196,
1,45,1.121,
1,46,1.1202,
1,47,1.118,
1,48,1.119,
1,49,1.1186,
1,50,1.1167,
1,51,1.1113,
1,52,1.1156,
1,53,1.1158,
1,54,1.1138,
1,55,1.1083,
1,56,1.1142,
1,57,1.1127,
1,58,1.1049,
1,59,1.116,
1,60,1.1113,
1,61,1.1096,
1,62,1.1121,
1,63,1.1097,
1,64,1.1049,
1,65,1.1068,
1,66,1.1083,
1,67,1.1047,
1,68,1.1038,
1,69,1.1047,
1,70,1.1052,
1,71,1.1014,
1,72,1.1023,
1,73,1.1001,
1,74,1.1002,
1,75,1.1014,
1,76,1.1026,
1,77,1.1036,
1,78,1.0993,
1,79,1.0986,
1,80,1.0994,
1,81,1.1002,
1,82,1.0943,
1,83,1.0969,
1,84,1.0949,
1,85,1.0955,
1,86,1.0917,
1,87,1.0958,
1,88,1.0925,
1,89,1.0932,
1,90,1.0927,
1,91,1.0929,
1,92,1.0928,
1,93,1.093,
1,94,1.0933,
1,95,1.0899,
1,96,1.0908,
1,97,1.0902,
1,98,1.0856,
1,99,1.0856,
1,100,1.0845,
1,101,1.0864,
1,102,1.0817,
1,103,1.085,
1,104,1.0856,
1,105,1.081,
1,106,1.0854,
1,107,1.0828,
1,108,1.0836,
1,109,1.0779,
1,110,1.0803,
1,111,1.078,
1,112,1.0761,
1,113,1.0783,
1,114,1.075,
1,115,1.0766,
1,116,1.0787,
1,117,1.0744,
1,118,1.0738,
1,119,1.0747,
1,120,1.0734,
1,121,1.0708,
1,122,1.07,
1,123,1.0728,
1,124,1.0737,
1,125,1.0677,
1,126,1.069,
1,127,1.0652,
1,128,1.0698,
1,129,1.0653,
1,130,1.0664,
1,131,1.0646,
1,132,1.0603,
1,133,1.0613,
1,134,1.0626,
1,135,1.0559,
1,136,1.0583,
1,137,1.0598,
1,138,1.0541,
1,139,1.0522,
1,140,1.0536,
1,141,1.0533,
1,142,1.0471,
1,143,1.0478,
1,144,1.0466,
1,145,1.0436,
1,146,1.0457,
1,147,1.043,
1,148,1.0415,
1,149,1.0403,
1,150,1.0332,
1,151,1.0384,
1,152,1.0324,
1,153,1.0326,
1,154,1.0293,
1,155,1.0232,
1,156,1.0235,
1,157,1.0213,
1,158,1.0195,
1,159,1.0137,
1,160,1.0111,
1,161,1.0027,
1,162,0.9945,
1,163,0.9902,
1,164,0.9835,
1,165,0.9744,
1,166,0.9572,
1,167,0.9408,
1,168,0.929,
1,169,0.8974,
1,170,0.8576,
1,171,0.7754,
1,172,0.3918,
1,173,0.3796,
1,174,0.3733,
1,175,0.3736,
1,176,0.3716,
1,177,0.3697,
1,178,0.369,
1,179,0.3652,
1,180,0.3689,
1,181,0.3624,
1,182,0.364,
1,183,0.3617,
1,184,0.3623,
1,185,0.3601,
1,186,0.3607,
1,187,0.3609,
1,188,0.3624,
1,189,0.3599,
1,190,0.3598,
1,191,0.3597,
1,192,0.3584,
1,193,0.3526,
1,194,0.3571,
1,195,0.3546,
1,196,0.3571,
1,197,0.3551,
1,198,0.3575,
1,199,0.3559,
1,200,0.3552,
1,201,0.3557,
1,202,0.3542,
1,203,0.3529,
1,204,0.3514,
1,205,0.3534,
1,206,0.3535,
1,207,0.351,
1,208,0.3524,
1,209,0.3514,
1,210,0.3491,
1,211,0.3512,
1,212,0.3497,
1,213,0.3507,
1,214,0.351,
1,215,0.3494,
1,216,0.3536,
1,217,0.3502,
1,218,0.3495,
1,219,0.3478,
1,220,0.3504,
1,221,0.3485,
1,222,0.3504,
1,223,0.3512,
1,224,0.3482,
1,225,0.3481,
1,226,0.3479,
1,227,0.3453,
1,228,0.3474,
1,229,0.3479,
1,230,0.3454,
1,231,0.3474,
1,232,0.3459,
1,233,0.347,
1,234,0.3462,
1,235,0.3482,
1,236,0.345,
1,237,0.3466,
1,238,0.3476,
1,239,0.3458,
1,240,0.3484,
1,241,0.3448,
1,242,0.346,
1,243,0.3457,
1,244,0.3449,
1,245,0.3454,
1,246,0.3444,
1,247,0.3425,
1,248,0.3443,
1,249,0.3446,
1,250,0.3426,
1,251,0.3433,
1,252,0.3445,
1,253,0.3448,
1,254,0.3446,
1,255,0.3423,
1,256,0.3436,
1,257,0.3441,
1,258,0.3449,
1,259,0.342,
1,260,0.3413,
1,261,0.3418,
1,262,0.3417,
1,263,0.3409,
1,264,0.3441,
1,265,0.3422,
1,266,0.3408,
1,267,0.3416,
1,268,0.3415,
1,269,0.3406,
1,270,0.3445,
1,271,0.344,
1,272,0.3436,
1,273,0.339,
1,274,0.3389,
1,275,0.3395,
1,276,0.3407,
1,277,0.3417,
1,278,0.3393,
1,279,0.3408,
1,280,0.3399,
1,281,0.3404,
1,282,0.3373,
1,283,0.337,
1,284,0.3408,
1,285,0.3415,
1,286,0.3361,
1,287,0.3389,
1,288,0.3386,
1,289,0.3378,
1,290,0.3392,
1,291,0.3372,
1,292,0.3388,
1,293,0.3391,
1,294,0.3368,
1,295,0.3376,
1,296,0.3401,
1,297,0.3377,
1,298,0.3378,
1,299,0.3374,
1,300,0.336,
1,301,0.3355,
1,302,0.3363,
1,303,0.3368,
1,304,0.3391,
1,305,0.3356,
1,306,0.3347,
1,307,0.3367,
1,308,0.3337,
1,309,0.3362,
1,310,0.3358,
1,311,0.3349,
1,312,0.3344,
1,313,0.3345,
1,314,0.3358,
1,315,0.3335,
1,316,0.3363,
1,317,0.3344,
1,318,0.3355,
1,319,0.3346,
1,320,0.3335,
1,321,0.3346,
1,322,0.3345,
1,323,0.336,
1,324,0.3347,
1,325,0.333,
1,326,0.3294,
1,327,0.3335,
1,328,0.334,
1,329,0.3318,
1,330,0.3344,
1,331,0.3352,
1,332,0.3327,
1,333,0.3337,
1,334,0.3325,
1,335,0.3322,
1,336,0.3301,
1,337,0.3328,
1,338,0.335,
1,339,0.3338,
1,340,0.3328,
1,341,0.3316,
1,342,0.3328,
1,343,0.3319,
1,344,0.3339,
1,345,0.3322,
1,346,0.3304,
1,347,0.334,
1,348,0.3329,
1,349,0.3317,
1,350,0.3319,
1,351,0.3306,
1,352,0.3306,
1,353,0.3318,
1,354,0.3313,
1,355,0.3303,
1,356,0.3297,
1,357,0.3311,
1,358,0.3303,
1,359,0.3299,
1,360,0.3301,
1,361,0.3303,
1,362,0.3306,
1,363,0.3334,
1,364,0.3319,
1,365,0.3291,
1,366,0.3278,
1,367,0.3322,
1,368,0.3314,
1,369,0.3286,
1,370,0.3298,
1,371,0.3292,
1,372,0.3286,
1,373,0.3291,
1,374,0.3274,
1,375,0.3265,
1,376,0.3291,
1,377,0.3307,
1,378,0.3268,
1,379,0.3291,
1,380,0.3274,
1,381,0.3255,
1,382,0.3266,
1,383,0.3273,
1,384,0.3293,
1,385,0.328,
1,386,0.3287,
1,387,0.3255,
1,388,0.3296,
1,389,0.3255,
1,390,0.3252,
1,391,0.3281,
1,392,0.3289,
1,393,0.3269,
1,394,0.3285,
1,395,0.3266,
1,396,0.3259,
1,397,0.3249,
1,398,0.3268,
1,399,0.3271,
1,400,0.3263,
1,401,0.3228,
1,402,0.3269,
1,403,0.3242,
1,404,0.3243,
1,405,0.3241,
1,406,0.3246,
1,407,0.3246,
1,408,0.3248,
1,409,0.3258,
1,410,0.3273,
1,411,0.3268,
1,412,0.3279,
1,413,0.3262,
1,414,0.3245,
1,415,0.3262,
1,416,0.3266,
1,417,0.3235,
1,418,0.3238,
1,419,0.3238,
1,420,0.3256,
1,421,0.324,
1,422,0.3244,
1,423,0.3249,
1,424,0.3252,
1,425,0.3234,
1,426,0.3245,
1,427,0.3241,
1,428,0.3244,
1,429,0.322,
1,430,0.3232,
1,431,0.324,
1,432,0.3228,
1,433,0.3239,
1,434,0.3247,
1,435,0.3233,
1,436,0.3261,
1,437,0.3218,
1,438,0.3269,
1,439,0.3238,
1,440,0.3229,
1,441,0.3225,
1,442,0.3254,
1,443,0.3235,
1,444,0.3223,
1,445,0.3237,
1,446,0.3226,
1,447,0.3226,
1,448,0.3246,
1,449,0.3229,
1,450,0.3245,
1,451,0.3215,
1,452,0.3228,
1,453,0.3232,
1,454,0.3219,
1,455,0.3223,
1,456,0.3224,
1,457,0.3219,
1,458,0.3249,
1,459,0.322,
1,460,0.324,
1,461,0.3218,
1,462,0.3237,
1,463,0.3222,
1,464,0.3189,
1,465,0.3219,
1,466,0.3204,
1,467,0.3221,
1,468,0.3207,
1,469,0.3205,
1,470,0.3212,
1,471,0.3208,
1,472,0.3234,
1,473,0.3202,
1,474,0.319,
1,475,0.3217,
1,476,0.3225,
1,477,0.3203,
1,478,0.3209,
1,479,0.3212,
1,480,0.3219,
1,481,0.3218,
1,482,0.3216,
1,483,0.32,
1,484,0.319,
1,485,0.322,
1,486,0.3221,
1,487,0.3225,
1,488,0.3206,
1,489,0.3225,
1,490,0.321,
1,491,0.3211,
1,492,0.3188,
1,493,0.3208,
1,494,0.3199,
1,495,0.3194,
1,496,0.3228,
1,497,0.3187,
1,498,0.3214,
1,499,0.3217,
1,500,0.3374,
1,501,0.3226,
1,503,0.2484,
1,503,0.3214,
1,504,0.3186,
1,505,0.3193,
1,506,0.3205,
1,507,0.3182,
1,509,0.3991,
1,509,0.3154,
1,510,1.2572,
1,511,0.3187,
1,512,0.3205,
1,513,0.3188,
1,514,0.3183,
1,515,0.3209,
1,516,0.3206,
1,517,0.3184,
1,518,0.3152,
1,519,0.3205,
1,520,0.3193,
1,521,0.3189,
1,522,0.3166,
1,523,0.318,
1,524,0.3209,
1,525,0.3181,
1,526,0.3162,
1,527,0.3185,
1,528,0.3187,
1,529,0.3193,
1,530,0.3169,
1,531,0.3163,
1,532,0.3192,
1,533,0.3172,
1,534,0.3174,
1,535,0.3162,
1,536,0.3163,
1,537,0.3177,
1,538,0.3192,
1,539,0.3168,
1,540,0.3187,
1,541,0.3169,
1,542,0.3151,
1,543,0.3177,
1,544,0.3154,
1,545,0.3184,
1,546,0.314,
1,547,0.3197,
1,548,0.3187,
1,549,0.3158,
1,550,0.3164,
1,551,0.3136,
1,552,0.3185,
1,553,0.3155,
1,554,0.3177,
1,555,0.3144,
1,556,0.3189,
1,557,0.316,
1,558,0.3185,
1,559,0.3167,
1,560,0.3153,
1,561,0.3152,
1,562,0.3133,
1,563,0.3137,
1,564,0.3172,
1,565,0.3156,
1,566,0.3156,
1,567,0.3153,
1,568,0.2832,
1,569,0.6379,
1,570,1.2173,
1,572,0.6997,
1,573,0.7034,
1,573,0.3143,
1,574,0.316,
1,575,0.315,
1,576,0.3161,
1,577,0.3159,
1,578,0.3156,
1,579,0.3153,
1,580,0.3134,
1,581,0.317,
1,582,0.3179,
1,583,0.3147,
1,584,0.3157,
1,585,0.3148,
1,586,0.3162,
1,587,0.3156,
1,588,0.3141,
1,589,0.3149,
1,590,0.3143,
1,591,0.3133,
1,592,0.3148,
1,593,0.3161,
1,594,0.316,
1,595,0.3144,
1,596,0.313,
1,597,0.3146,
1,598,0.3154,
1,599,0.3121,
1,600,0.3141,
1,601,0.3123,
1,602,0.3135,
1,603,0.314,
1,604,0.3138,
1,605,0.3139,
1,606,0.3128,
1,607,0.3146,
1,608,0.314,
1,609,0.313,
1,610,0.3145,
1,611,0.3131,
1,612,0.3136,
1,613,0.3127,
1,614,0.3128,
1,615,0.3141,
1,616,0.3136,
1,617,0.3174,
1,618,0.3165,
1,619,0.3138,
1,620,0.3135,
1,621,0.3126,
1,622,0.3119,
1,623,0.3131,
1,624,0.3137,
1,625,0.3119,
1,626,0.3133,
1,627,0.3116,
1,628,0.3149,
1,629,0.3164,
1,630,0.3122,
1,631,0.3126,
1,632,0.3135,
1,633,0.3118,
1,634,0.3109,
1,635,0.3133,
1,636,0.3119,
1,637,0.3123,
1,638,0.3128,
1,639,0.3111,
1,640,0.314,
1,641,0.3103,
1,642,0.3127,
1,643,0.3109,
1,644,0.3149,
1,645,0.3121,
1,646,0.3117,
1,647,0.3086,
1,648,0.3113,
1,649,0.3136,
1,650,0.3109,
1,651,0.3134,
1,652,0.3124,
1,653,0.3119,
1,654,0.3096,
1,655,0.3109,
1,656,0.3116,
1,657,0.311,
1,658,0.3123,
1,659,0.3125,
1,660,0.3089,
1,661,0.3125,
1,662,0.3126,
1,663,0.3118,
1,664,0.3103,
1,665,0.3119,
1,666,0.3085,
1,667,0.3112,
1,668,0.3112,
1,669,0.309,
1,670,0.3097,
1,671,0.3126,
1,672,0.3106,
1,673,0.3128,
1,674,0.3101,
1,675,0.3106,
1,676,0.3098,
1,677,0.3067,
1,678,0.3095,
1,679,0.3096,
1,680,0.31,
1,681,0.3117,
1,682,0.3122,
1,683,0.3106,
1,684,0.3123,
1,685,0.3087,
1,686,0.3098,
1,687,0.3111,
1,688,0.3109,
1,689,0.3096,
1,690,0.3088,
1,691,0.3106,
1,692,0.311,
1,693,0.3097,
1,694,0.3078,
1,695,0.3104,
1,696,0.3076,
1,698,0.4336,
1,698,0.322,
1,699,0.3084,
1,700,0.3091,
1,701,0.3089,
1,703,0.4096,
1,704,0.3172,
1,705,0.3001,
1,706,0.5383,
1,707,0.4421,
1,707,0.3075,
1,708,0.3092,
1,709,0.3086,
1,710,0.3086,
1,711,0.3091,
1,712,0.3053,
1,713,0.3083,
1,714,0.3093,
1,715,0.3082,
1,716,0.3098,
1,717,0.3082,
1,718,0.3087,
1,719,0.3071,
1,720,0.3075,
1,721,0.3067,
1,722,0.3082,
1,723,0.3068,
1,724,0.309,
1,725,0.308,
1,726,0.3068,
1,727,0.308,
1,728,0.3066,
1,729,0.309,
1,730,0.3102,
1,731,0.3075,
1,732,0.3082,
1,733,0.3069,
1,734,0.3075,
1,735,0.3079,
1,736,0.3102,
1,737,0.3067,
1,738,0.3087,
1,739,0.3079,
1,740,0.3057,
1,741,0.3069,
1,742,0.3055,
1,743,0.3089,
1,744,0.3089,
1,745,0.307,
1,746,0.3081,
1,747,0.3052,
1,748,0.3059,
1,749,0.3078,
1,750,0.3066,
1,751,0.3052,
1,752,0.3034,
1,753,0.3078,
1,754,0.3077,
1,755,0.3059,
1,756,0.3068,
1,757,0.3074,
1,758,0.306,
1,759,0.3054,
1,760,0.3064,
1,761,0.3033,
1,762,0.3121,
1,763,0.3083,
1,764,0.3039,
1,765,0.3057,
1,766,0.3085,
1,767,0.3052,
1,768,0.3079,
1,769,0.3043,
1,770,0.3093,
1,771,0.3056,
1,772,0.3043,
1,773,0.3111,
1,774,0.3044,
1,775,0.3083,
1,776,0.3091,
1,777,0.3036,
1,778,0.3034,
1,779,0.3077,
1,780,0.3053,
1,781,0.3044,
1,782,0.3059,
1,783,0.3066,
1,784,0.3072,
1,785,0.3064,
1,786,0.3033,
1,787,0.3069,
1,788,0.3058,
1,789,0.3053,
1,790,0.3045,
1,791,0.3025,
1,792,0.3012,
1,793,0.3069,
1,794,0.3055,
1,795,0.306,
1,796,0.3062,
1,797,0.3046,
1,798,0.3059,
1,799,0.3054,
1,800,0.3013,
1,801,0.3061,
1,802,0.3036,
1,803,0.304,
1,804,0.3043,
1,805,0.3046,
1,806,0.306,
1,807,0.3027,
1,808,0.3065,
1,809,0.2901,
1,810,0.3024,
1,811,0.305,
1,812,0.3021,
1,813,0.3022,
1,814,0.3038,
1,815,0.2997,
1,816,0.3051,
1,817,0.303,
1,818,0.3071,
1,819,0.3029,
1,820,0.3045,
1,821,0.3029,
1,822,0.3049,
1,823,0.3026,
1,824,0.3041,
1,825,0.3018,
1,826,0.3033,
1,827,0.302,
1,828,0.3033,
1,829,0.3029,
1,830,0.3026,
1,831,0.3017,
1,832,0.3007,
1,833,0.3034,
1,834,0.2995,
1,835,0.3019,
1,836,0.3021,
1,837,0.3005,
1,838,0.302,
1,839,0.3036,
1,840,0.3033,
1,841,0.2993,
1,842,0.3033,
1,843,0.2994,
1,844,0.3004,
1,845,0.3015,
1,846,0.302,
1,847,0.3012,
1,848,0.3039,
1,849,0.3,
1,850,0.3051,
1,851,0.3022,
1,852,0.3043,
1,853,0.2994,
1,854,0.3008,
1,855,0.3018,
1,856,0.3034,
1,857,0.3012,
1,858,0.3023,
1,859,0.3004,
1,860,0.3019,
1,861,0.3033,
1,862,0.3009,
1,863,0.3011,
1,864,0.3007,
1,865,0.303,
1,866,0.3043,
1,867,0.3012,
1,868,0.3027,
1,869,0.3021,
1,870,0.302,
1,871,0.3002,
1,872,0.2998,
1,873,0.3009,
1,874,0.2989,
1,875,0.2999,
1,876,0.2982,
1,877,0.2974,
1,878,0.3011,
1,879,0.2995,
1,880,0.2988,
1,881,0.2984,
1,882,0.2995,
1,883,0.2981,
1,884,0.3,
1,885,0.3023,
1,886,0.2991,
1,887,0.3003,
1,888,0.3019,
1,889,0.2999,
1,890,0.3001,
1,891,0.2986,
1,892,0.2972,
1,893,0.3014,
1,894,0.3009,
1,895,0.3004,
1,896,0.2969,
1,897,0.2955,
1,898,0.2992,
1,899,0.2984,
1,900,0.299,
1,901,0.298,
1,902,0.2964,
1,903,0.2943,
1,904,0.2922,
1,905,0.3005,
1,906,0.2988,
1,907,0.2992,
1,908,0.2983,
1,909,0.3005,
1,910,0.2985,
1,911,0.2999,
1,912,0.2976,
1,913,0.303,
1,914,0.2978,
1,915,0.2947,
1,916,0.297,
1,917,0.2979,
1,918,0.2978,
1,919,0.2972,
1,920,0.2991,
1,921,0.2983,
1,922,0.3001,
1,923,0.2984,
1,924,0.2976,
1,925,0.2983,
1,926,0.2951,
1,927,0.2971,
1,928,0.2987,
1,929,0.2966,
1,930,0.2983,
1,931,0.2985,
1,932,0.2978,
1,933,0.3013,
1,934,0.2974,
1,935,0.2995,
1,936,0.2939,
1,937,0.2984,
1,938,0.2975,
1,939,0.2985,
1,940,0.2962,
1,941,0.3,
1,942,0.2977,
1,943,0.2955,
1,944,0.2988,
1,945,0.2963,
1,946,0.2972,
1,947,0.2976,
1,948,0.3,
1,949,0.2969,
1,950,0.297,
1,951,0.2965,
1,952,0.2954,
1,953,0.2974,
1,954,0.2969,
1,955,0.3,
1,956,0.2939,
1,957,0.2957,
1,958,0.2942,
1,959,0.2964,
1,960,0.2962,
1,961,0.2969,
1,962,0.295,
1,963,0.2951,
1,964,0.296,
1,965,0.2958,
1,966,0.2942,
1,967,0.2991,
1,968,0.2908,
1,969,0.2961,
1,970,0.293,
1,971,0.2957,
1,972,0.2958,
1,973,0.2965,
1,974,0.2957,
1,975,0.2941,
1,976,0.2953,
1,977,0.2922,
1,978,0.2842,
1,979,0.2939,
1,980,0.2952,
1,981,0.2938,
1,982,0.2938,
1,983,0.2935,
1,984,0.2936,
1,985,0.2921,
1,986,0.2923,
1,987,0.2936,
1,988,0.2912,
1,989,0.2897,
1,990,0.2923,
1,991,0.2936,
1,992,0.2936,
1,993,0.2955,
1,994,0.2935,
1,995,0.2941,
1,996,0.2907,
1,997,0.2937,
1,998,0.2936,
1,999,0.2913,
1,1000,0.2936,
1,1001,0.291,
1,1002,0.2929,
1,1003,0.2927,
1,1004,0.2908,
1,1005,0.2918,
1,1006,0.2919,
1,1007,0.289,
1,1008,0.2907,
1,1009,0.2933,
1,1010,0.2906,
1,1011,0.2979,
1,1012,0.2911,
1,1013,0.2915,
1,1014,0.2923,
1,1015,0.2907,
1,1016,0.2916,
1,1017,0.29,
1,1018,0.2898,
1,1019,0.2882,
1,1020,0.2931,
1,1021,0.2895,
1,1022,0.2974,
1,1023,0.2893,
1,1024,0.2909,
1,1025,0.2887,
1,1026,0.2918,
1,1027,0.2904,
1,1028,0.2892,
1,1029,0.2914,
1,1030,0.2903,
1,1031,0.2891,
1,1032,0.29,
1,1033,0.2895,
1,1034,0.29,
1,1035,0.2887,
1,1036,0.2897,
1,1037,0.284,
1,1038,0.2852,
1,1039,0.2862,
1,1040,0.2882,
1,1041,0.2866,
1,1042,0.2857,
1,1043,0.2884,
1,1044,0.2899,
1,1045,0.2867,
1,1046,0.2875,
1,1047,0.2875,
1,1048,0.2876,
1,1049,0.2898,
1,1050,0.2858,
1,1051,0.2888,
1,1052,0.2858,
1,1053,0.2852,
1,1054,0.2856,
1,1055,0.2842,
1,1056,0.2887,
1,1057,0.2853,
1,1058,0.2871,
1,1059,0.2866,
1,1060,0.2852,
1,1061,0.2857,
1,1062,0.2883,
1,1063,0.2863,
1,1064,0.2836,
1,1065,0.2841,
1,1066,0.2822,
1,1067,0.2839,
1,1068,0.2839,
1,1069,0.2854,
1,1070,0.286,
1,1071,0.284,
1,1072,0.2845,
1,1073,0.2827,
1,1074,0.2829,
1,1075,0.287,
1,1076,0.2816,
1,1077,0.2839,
1,1078,0.284,
1,1079,0.2837,
1,1080,0.2853,
1,1081,0.2826,
1,1082,0.2806,
1,1083,0.2832,
1,1084,0.2851,
1,1085,0.278,
1,1086,0.284,
1,1087,0.2822,
1,1088,0.2826,
1,1089,0.282,
1,1090,0.2797,
1,1091,0.2809,
1,1092,0.284,
1,1093,0.2812,
1,1094,0.2807,
1,1095,0.281,
1,1096,0.2789,
1,1097,0.2812,
1,1098,0.2806,
1,1099,0.2785,
1,1100,0.2802,
1,1101,0.2805,
1,1102,0.2822,
1,1103,0.2787,
1,1104,0.2808,
1,1105,0.2812,
1,1106,0.2783,
1,1107,0.2853,
1,1108,0.2797,
1,1109,0.2803,
1,1110,0.2803,
1,1111,0.2779,
1,1112,0.2779,
1,1113,0.2787,
1,1114,0.2806,
1,1115,0.2808,
1,1116,0.2755,
1,1117,0.2765,
1,1118,0.2823,
1,1119,0.2764,
1,1120,0.2768,
1,1121,0.2762,
1,1122,0.2754,
1,1123,0.2751,
1,1124,0.2781,
1,1125,0.2762,
1,1126,0.2786,
1,1127,0.2776,
1,1128,0.2765,
1,1129,0.2796,
1,1130,0.2752,
1,1131,0.2776,
1,1132,0.277,
1,1133,0.2766,
1,1134,0.2757,
1,1135,0.2749,
1,1136,0.2721,
1,1137,0.2743,
1,1138,0.2756,
1,1139,0.2735,
1,1140,0.2757,
1,1141,0.2732,
1,1142,0.2754,
1,1143,0.2735,
1,1144,0.2725,
1,1145,0.2725,
1,1146,0.2718,
1,1147,0.2734,
1,1148,0.2726,
1,1149,0.2723,
1,1150,0.2728,
1,1151,0.2703,
1,1152,0.2716,
1,1153,0.2704,
1,1154,0.2723,
1,1155,0.2725,
1,1156,0.2704,
1,1157,0.2718,
1,1158,0.2687,
1,1159,0.2693,
1,1160,0.2709,
1,1161,0.2721,
1,1162,0.2755,
1,1163,0.2713,
1,1164,0.2721,
1,1165,0.2711,
1,1166,0.2712,
1,1167,0.2724,
1,1168,0.269,
1,1169,0.2697,
1,1170,0.2685,
1,1171,0.2692,
1,1172,0.2693,
1,1173,0.2725,
1,1174,0.2694,
1,1175,0.2688,
1,1176,0.2695,
1,1177,0.2664,
1,1178,0.2703,
1,1179,0.2668,
1,1180,0.2659,
1,1181,0.2696,
1,1182,0.2674,
1,1183,0.2678,
1,1184,0.2636,
1,1185,0.2673,
1,1186,0.2634,
1,1187,0.2698,
1,1188,0.2637,
1,1189,0.2675,
1,1190,0.2652,
1,1191,0.262,
1,1192,0.2673,
1,1193,0.2674,
1,1194,0.265,
1,1195,0.2609,
1,1196,0.2643,
1,1197,0.2626,
1,1198,0.2643,
1,1199,0.2641,
1,1200,0.2649,
1,1201,0.2587,
1,1202,0.2641,
1,1203,0.2621,
1,1204,0.2638,
1,1205,0.261,
1,1206,0.2644,
1,1207,0.2629,
1,1208,0.2607,
1,1209,0.2609,
1,1210,0.2631,
1,1211,0.261,
1,1212,0.2625,
1,1213,0.264,
1,1214,0.26,
1,1215,0.263,
1,1216,0.2612,
1,1217,0.259,
1,1218,0.2595,
1,1219,0.2614,
1,1220,0.2591,
1,1221,0.2611,
1,1222,0.2585,
1,1223,0.2575,
1,1224,0.2587,
1,1225,0.2586,
1,1226,0.2586,
1,1227,0.2596,
1,1228,0.2556,
1,1229,0.2586,
1,1230,0.2587,
1,1231,0.2581,
1,1232,0.2567,
1,1233,0.258,
1,1234,0.2574,
1,1235,0.2594,
1,1236,0.2598,
1,1237,0.2553,
1,1238,0.2569,
1,1239,0.2494,
1,1240,0.2572,
1,1241,0.2574,
1,1242,0.2559,
1,1243,0.256,
1,1244,0.2541,
1,1245,0.254,
1,1246,0.255,
1,1247,0.257,
1,1248,0.2554,
1,1249,0.2513,
1,1250,0.2538,
1,1251,0.2534,
1,1252,0.2518,
1,1253,0.2526,
1,1254,0.2549,
1,1255,0.2517,
1,1256,0.2503,
1,1257,0.2498,
1,1258,0.2519,
1,1259,0.2536,
1,1260,0.2517,
1,1261,0.2476,
1,1262,0.2494,
1,1263,0.2511,
1,1264,0.2489,
1,1265,0.2508,
1,1266,0.2493,
1,1267,0.249,
1,1268,0.2506,
1,1269,0.2477,
1,1270,0.2516,
1,1271,0.2502,
1,1272,0.2463,
1,1273,0.2481,
1,1274,0.25,
1,1275,0.2468,
1,1276,0.2465,
1,1277,0.2523,
1,1278,0.2503,
1,1279,0.2472,
1,1280,0.2458,
1,1281,0.2468,
1,1282,0.2467,
1,1283,0.2392,
1,1284,0.2452,
1,1285,0.2458,
1,1286,0.2449,
1,1287,0.2466,
1,1288,0.2481,
1,1289,0.2441,
1,1290,0.2455,
1,1291,0.2448,
1,1292,0.2435,
1,1293,0.2487,
1,1294,0.242,
1,1295,0.2459,
1,1296,0.244,
1,1297,0.2455,
1,1298,0.2428,
1,1299,0.2448,
1,1300,0.2435,
1,1301,0.2411,
1,1302,0.2441,
1,1303,0.244,
1,1304,0.2424,
1,1305,0.2431,
1,1306,0.2425,
1,1307,0.2435,
1,1308,0.2428,
1,1309,0.241,
1,1310,0.2413,
1,1311,0.2432,
1,1312,0.2417,
1,1313,0.2375,
1,1314,0.2394,
1,1315,0.2393,
1,1316,0.2421,
1,1317,0.2397,
1,1318,0.2403,
1,1319,0.2451,
1,1320,0.2378,
1,1321,0.2377,
1,1322,0.2394,
1,1323,0.2418,
1,1324,0.2365,
1,1325,0.2385,
1,1326,0.2385,
1,1327,0.2391,
1,1328,0.2365,
1,1329,0.2388,
1,1330,0.237,
1,1331,0.2372,
1,1332,0.2359,
1,1333,0.2377,
1,1334,0.2341,
1,1335,0.2338,
1,1336,0.2366,
1,1337,0.2355,
1,1338,0.2328,
1,1339,0.2342,
1,1340,0.2342,
1,1341,0.2344,
1,1342,0.2319,
1,1343,0.2319,
1,1344,0.2411,
1,1345,0.2343,
1,1346,0.2345,
1,1347,0.2336,
1,1348,0.2341,
1,1349,0.2328,
1,1350,0.2292,
1,1351,0.2317,
1,1352,0.2314,
1,1353,0.2311,
1,1354,0.2316,
1,1355,0.2314,
1,1356,0.231,
1,1357,0.2291,
1,1358,0.23,
1,1359,0.2306,
1,1360,0.2299,
1,1361,0.2271,
1,1362,0.2294,
1,1363,0.2293,
1,1364,0.2292,
1,1365,0.2291,
1,1366,0.2299,
1,1367,0.2292,
1,1368,0.2284,
1,1369,0.2194,
1,1370,0.2255,
1,1371,0.2266,
1,1372,0.2318,
1,1373,0.2286,
1,1374,0.226,
1,1375,0.2258,
1,1376,0.2255,
1,1377,0.2258,
1,1378,0.2252,
1,1379,0.2219,
1,1380,0.2239,
1,1381,0.2245,
1,1382,0.2234,
1,1383,0.2294,
1,1384,0.2237,
1,1385,0.2241,
1,1386,0.2201,
1,1387,0.2239,
1,1388,0.3611,
1,1389,0.2252,
1,1390,0.2197,
1,1391,0.2317,
1,1392,0.2228,
1,1393,0.2239,
1,1394,0.2177,
1,1395,0.2216,
1,1396,0.2219,
1,1397,0.2199,
1,1398,0.2208,
1,1399,0.2204,
1,1400,0.2222,
1,1401,0.2202,
1,1402,0.2202,
1,1403,0.2211,
1,1404,0.2217,
1,1405,0.219,
1,1406,0.2214,
1,1407,0.2205,
1,1408,0.2176,
1,1409,0.2186,
1,1410,0.22,
1,1411,0.2174,
1,1412,0.2195,
1,1413,0.2205,
1,1414,0.2189,
1,1415,0.2185,
1,1416,0.2194,
1,1417,0.2192,
1,1418,0.2194,
1,1419,0.216,
1,1420,0.2174,
1,1421,0.2182,
1,1422,0.2134,
1,1423,0.2171,
1,1424,0.2183,
1,1425,0.2159,
1,1426,0.2139,
1,1427,0.2161,
1,1428,0.2164,
1,1429,0.2174,
1,1430,0.2134,
1,1431,0.2151,
1,1432,0.2139,
1,1433,0.2182,
1,1434,0.2107,
1,1435,0.2148,
1,1436,0.2154,
1,1437,0.2138,
1,1438,0.2154,
1,1439,0.2138,
1,1440,0.2148,
1,1441,0.214,
1,1442,0.2148,
1,1443,0.2129,
1,1444,0.211,
1,1445,0.2133,
1,1446,0.2109,
1,1447,0.2112,
1,1448,0.2111,
1,1449,0.211,
1,1450,0.2117,
1,1451,0.2122,
1,1452,0.21,
1,1453,0.2106,
1,1454,0.2136,
1,1455,0.2098,
1,1456,0.2119,
1,1457,0.2104,
1,1458,0.2065,
1,1459,0.2106,
1,1460,0.2109,
1,1461,0.2111,
1,1462,0.2094,
1,1463,0.2103,
1,1464,0.208,
1,1465,0.205,
1,1466,0.209,
1,1467,0.2074,
1,1468,0.2134,
1,1469,0.2085,
1,1470,0.2076,
1,1471,0.2075,
1,1472,0.2078,
1,1473,0.2066,
1,1474,0.2045,
1,1475,0.2071,
1,1476,0.2062,
1,1477,0.207,
1,1478,0.2079,
1,1479,0.2068,
1,1480,0.2031,
1,1481,0.2045,
1,1482,0.2065,
1,1483,0.2076,
1,1484,0.2045,
1,1485,0.2045,
1,1486,0.2026,
1,1487,0.2041,
1,1488,0.2036,
1,1489,0.2044,
1,1490,0.2036,
1,1491,0.2035,
1,1492,0.2067,
1,1493,0.2044,
1,1494,0.2015,
1,1495,0.2035,
1,1496,0.2044,
1,1497,0.2024,
1,1498,0.2016,
1,1499,0.2026,
1,1500,0.2011,
1,1501,0.2032,
1,1502,0.2056,
1,1503,0.2013,
1,1504,0.2019,
1,1505,0.2004,
1,1506,0.2015,
1,1507,0.2009,
1,1508,0.2019,
1,1509,0.2018,
1,1510,0.203,
1,1511,0.1988,
1,1512,0.198,
1,1513,0.199,
1,1514,0.1971,
1,1515,0.1992,
1,1516,0.2044,
1,1517,0.1996,
1,1518,0.1992,
1,1519,0.1966,
1,1520,0.1971,
1,1521,0.1978,
1,1522,0.1979,
1,1523,0.1948,
1,1524,0.1967,
1,1525,0.1972,
1,1526,0.1967,
1,1527,0.1955,
1,1528,0.1971,
1,1529,0.1964,
1,1530,0.1961,
1,1531,0.1963,
1,1532,0.1969,
1,1533,0.196,
1,1534,0.1951,
1,1535,0.1946,
1,1536,0.1959,
1,1537,0.1962,
1,1538,0.1955,
1,1539,0.1959,
1,1540,0.196,
1,1541,0.1953,
1,1542,0.192,
1,1543,0.1948,
1,1544,0.1913,
1,1545,0.1951,
1,1546,0.1937,
1,1547,0.1942,
1,1548,0.1931,
1,1549,0.1928,
1,1550,0.1918,
1,1551,0.1972,
1,1552,0.1942,
1,1553,0.1925,
1,1554,0.1916,
1,1555,0.1942,
1,1556,0.1921,
1,1557,0.1918,
1,1558,0.1888,
1,1559,0.1931,
1,1560,0.1906,
1,1561,0.189,
1,1562,0.1904,
1,1563,0.1922,
1,1564,0.1909,
1,1565,0.1887,
1,1566,0.1908,
1,1567,0.1896,
1,1568,0.1923,
1,1569,0.1922,
1,1570,0.1914,
1,1571,0.1899,
1,1572,0.1902,
1,1573,0.1893,
1,1574,0.1898,
1,1575,0.1902,
1,1576,0.1889,
1,1577,0.1906,
1,1578,0.1902,
1,1579,0.1893,
1,1580,0.1898,
1,1581,0.1886,
1,1582,0.1869,
1,1583,0.1875,
1,1584,0.1882,
1,1585,0.1865,
1,1586,0.1874,
1,1587,0.1879,
1,1588,0.1867,
1,1589,0.1862,
1,1590,0.1877,
1,1591,0.1874,
1,1592,0.1876,
1,1593,0.1844,
1,1594,0.1859,
1,1595,0.1836,
1,1596,0.1861,
1,1597,0.1806,
1,1598,0.1843,
1,1599,0.1832,
1,1600,0.1854,
1,1601,0.1871,
1,1602,0.1836,
1,1603,0.1851,
1,1604,0.1879,
1,1605,0.1853,
1,1606,0.1833,
1,1607,0.1843,
1,1608,0.1832,
1,1609,0.1823,
1,1610,0.1835,
1,1611,0.1839,
1,1612,0.1823,
1,1613,0.1819,
1,1614,0.1812,
1,1615,0.183,
1,1616,0.1798,
1,1617,0.1808,
1,1618,0.1803,
1,1619,0.1806,
1,1620,0.1794,
1,1621,0.1796,
1,1622,0.1797,
1,1623,0.1807,
1,1624,0.1802,
1,1625,0.1793,
1,1626,0.1801,
1,1627,0.1794,
1,1628,0.1795,
1,1629,0.1795,
1,1630,0.1803,
1,1631,0.1774,
1,1632,0.1754,
1,1633,0.1803,
1,1634,0.1782,
1,1635,0.1788,
1,1636,0.1798,
1,1637,0.1797,
1,1638,0.1776,
1,1639,0.1786,
1,1640,0.1785,
1,1641,0.1744,
1,1642,0.1803,
1,1643,0.1766,
1,1644,0.1771,
1,1645,0.1742,
1,1646,0.1754,
1,1647,0.1749,
1,1648,0.1758,
1,1649,0.1766,
1,1650,0.1763,
1,1651,0.1762,
1,1652,0.1751,
1,1653,0.1754,
1,1654,0.1754,
1,1655,0.1734,
1,1656,0.1735,
1,1657,0.1733,
1,1658,0.1717,
1,1659,0.171,
1,1660,0.1745,
1,1661,0.1746,
1,1662,0.1775,
1,1663,0.1727,
1,1664,0.1735,
1,1665,0.1724,
1,1666,0.1726,
1,1667,0.1713,
1,1668,0.1723,
1,1669,0.1734,
1,1670,0.1703,
1,1671,0.1714,
1,1672,0.1724,
1,1673,0.1718,
1,1674,0.1698,
1,1675,0.1718,
1,1676,0.1693,
1,1677,0.169,
1,1678,0.1699,
1,1679,0.1666,
1,1680,0.1683,
1,1681,0.1689,
1,1682,0.1716,
1,1683,0.1684,
1,1684,0.1705,
1,1685,0.1699,
1,1686,0.1704,
1,1687,0.1691,
1,1688,0.1695,
1,1689,0.1702,
1,1690,0.1699,
1,1691,0.1675,
1,1692,0.1701,
1,1693,0.1679,
1,1694,0.1698,
1,1695,0.1666,
1,1696,0.1672,
1,1697,0.1721,
1,1698,0.167,
1,1699,0.1684,
1,1700,0.1685,
1,1701,0.167,
1,1702,0.168,
1,1703,0.167,
1,1704,0.1676,
1,1705,0.168,
1,1706,0.1683,
1,1707,0.168,
1,1708,0.1691,
1,1709,0.168,
1,1710,0.1698,
1,1711,0.1666,
1,1712,0.1676,
1,1713,0.1648,
1,1714,0.1674,
1,1715,0.1657,
1,1716,0.1661,
1,1717,0.1658,
1,1718,0.1651,
1,1719,0.1674,
1,1720,0.1634,
1,1721,0.1637,
1,1722,0.1617,
1,1723,0.1661,
1,1724,0.166,
1,1725,0.1657,
1,1726,0.1625,
1,1727,0.165,
1,1728,0.1646,
1,1729,0.1642,
1,1730,0.1686,
1,1731,0.1626,
1,1732,0.165,
1,1733,0.1653,
1,1734,0.164,
1,1735,0.1635,
1,1736,0.1639,
1,1737,0.1646,
1,1738,0.1641,
1,1739,0.1627,
1,1740,0.1641,
1,1741,0.1608,
1,1742,0.1637,
1,1743,0.1608,
1,1744,0.1642,
1,1745,0.162,
1,1746,0.1609,
1,1747,0.1614,
1,1748,0.1609,
1,1749,0.1632,
1,1750,0.1625,
1,1751,0.1632,
1,1752,0.1605,
1,1753,0.1608,
1,1754,0.1603,
1,1755,0.1619,
1,1756,0.1588,
1,1757,0.1607,
1,1758,0.1599,
1,1759,0.1601,
1,1760,0.1599,
1,1761,0.1655,
1,1762,0.1592,
1,1763,0.159,
1,1764,0.1593,
1,1765,0.1552,
1,1766,0.1575,
1,1767,0.1588,
1,1768,0.1599,
1,1769,0.158,
1,1770,0.1578,
1,1771,0.1568,
1,1772,0.1574,
1,1773,0.1579,
1,1774,0.1578,
1,1775,0.1583,
1,1776,0.1576,
1,1777,0.157,
1,1778,0.1592,
1,1779,0.1571,
1,1780,0.1577,
1,1781,0.1555,
1,1782,0.156,
1,1783,0.1557,
1,1784,0.1557,
1,1785,0.1563,
1,1786,0.1556,
1,1787,0.1544,
1,1788,0.1561,
1,1789,0.1554,
1,1790,0.1538,
1,1791,0.1518,
1,1792,0.1568,
1,1793,0.1546,
1,1794,0.1546,
1,1795,0.1516,
1,1796,0.1589,
1,1797,0.1544,
1,1798,0.1543,
1,1799,0.1462,
1,1800,0.1533,
1,1801,0.1564,
1,1802,0.151,
1,1803,0.1535,
1,1804,0.1526,
1,1805,0.1501,
1,1806,0.1519,
1,1807,0.1538,
1,1808,0.1537,
1,1809,0.1531,
1,1810,0.1514,
1,1811,0.1521,
1,1812,0.1489,
1,1813,0.1518,
1,1814,0.1508,
1,1815,0.1481,
1,1816,0.1518,
1,1817,0.1531,
1,1818,0.1532,
1,1819,0.1525,
1,1820,0.1506,
1,1821,0.151,
1,1822,0.1489,
1,1823,0.1511,
1,1824,0.15,
1,1825,0.1488,
1,1826,0.151,
1,1827,0.151,
1,1828,0.1496,
1,1829,0.1567,
1,1830,0.1471,
1,1831,0.15,
1,1832,0.1502,
1,1833,0.1509,
1,1834,0.1489,
1,1835,0.1483,
1,1836,0.1493,
1,1837,0.1488,
1,1838,0.1495,
1,1839,0.1465,
1,1840,0.1487,
1,1841,0.148,
1,1842,0.1482,
1,1843,0.1481,
1,1844,0.1488,
1,1845,0.1475,
1,1846,0.1467,
1,1847,0.1485,
1,1848,0.1465,
1,1849,0.1465,
1,1850,0.1484,
1,1851,0.1475,
1,1852,0.1471,
1,1853,0.146,
1,1854,0.1461,
1,1855,0.1477,
1,1856,0.1455,
1,1857,0.1469,
1,1858,0.1449,
1,1859,0.1441,
1,1860,0.1462,
1,1861,0.1456,
1,1862,0.1466,
1,1863,0.1428,
1,1864,0.1446,
1,1865,0.1445,
1,1866,0.1446,
1,1867,0.144,
1,1868,0.1432,
1,1869,0.1446,
1,1870,0.1442,
1,1871,0.1426,
1,1872,0.1436,
1,1873,0.1449,
1,1874,0.1453,
1,1875,0.1408,
1,1876,0.1427,
1,1877,0.1465,
1,1878,0.1448,
1,1879,0.1424,
1,1880,0.1428,
1,1881,0.1426,
1,1882,0.1425,
1,1883,0.1418,
1,1884,0.1405,
1,1885,0.1416,
1,1886,0.141,
1,1887,0.1402,
1,1888,0.1428,
1,1889,0.1426,
1,1890,0.1424,
1,1891,0.1429,
1,1892,0.1406,
1,1893,0.1411,
1,1894,0.1412,
1,1895,0.1415,
1,1896,0.141,
1,1897,0.1418,
1,1898,0.1418,
1,1899,0.1399,
1,1900,0.1394,
1,1901,0.1414,
1,1902,0.1413,
1,1903,0.1377,
1,1904,0.1399,
1,1905,0.1395,
1,1906,0.1409,
1,1907,0.1413,
1,1908,0.14,
1,1909,0.14,
1,1910,0.1372,
1,1911,0.1405,
1,1912,0.1412,
1,1913,0.1405,
1,1914,0.1383,
1,1915,0.1403,
1,1916,0.1389,
1,1917,0.14,
1,1918,0.138,
1,1919,0.138,
1,1920,0.1375,
1,1921,0.1381,
1,1922,0.1396,
1,1923,0.1385,
1,1924,0.1387,
1,1925,0.1378,
1,1926,0.1359,
1,1927,0.1403,
1,1928,0.1388,
1,1929,0.1361,
1,1930,0.1361,
1,1931,0.1389,
1,1932,0.1354,
1,1933,0.1373,
1,1934,0.1357,
1,1935,0.1364,
1,1936,0.1356,
1,1937,0.137,
1,1938,0.1333,
1,1939,0.1377,
1,1940,0.1349,
1,1941,0.1358,
1,1942,0.1374,
1,1943,0.1346,
1,1944,0.1345,
1,1945,0.1369,
1,1946,0.1335,
1,1947,0.1326,
1,1948,0.1341,
1,1949,0.1369,
1,1950,0.1362,
1,1951,0.1343,
1,1952,0.1315,
1,1953,0.1342,
1,1954,0.1324,
1,1955,0.1348,
1,1956,0.1341,
1,1957,0.1336,
1,1958,0.1332,
1,1959,0.1315,
1,1960,0.1347,
1,1961,0.1322,
1,1962,0.1327,
1,1963,0.1329,
1,1964,0.1337,
1,1965,0.133,
1,1966,0.1312,
1,1967,0.1311,
1,1968,0.1312,
1,1969,0.1347,
1,1970,0.1294,
1,1971,0.1326,
1,1972,0.1289,
1,1973,0.1324,
1,1974,0.1299,
1,1975,0.1308,
1,1976,0.1289,
1,1977,0.1316,
1,1978,0.1302,
1,1979,0.1321,
1,1980,0.1299,
1,1981,0.1304,
1,1982,0.1299,
1,1983,0.1295,
1,1984,0.1296,
1,1985,0.1313,
1,1986,0.1288,
1,1987,0.1297,
1,1988,0.1287,
1,1989,0.1313,
1,1990,0.1313,
1,1991,0.1295,
1,1992,0.1291,
1,1993,0.1315,
1,1994,0.1285,
1,1995,0.1285,
1,1996,0.1281,
1,1997,0.1288,
1,1998,0.1282,
1,1999,0.1301,
1,2000,0.1289,
1,2001,0.1289,
1,2002,0.1275,
1,2003,0.1288,
1,2004,0.1289,
1,2005,0.1273,
1,2006,0.1262,
1,2007,0.1251,
1,2008,0.1297,
1,2009,0.1263,
1,2010,0.1199,
1,2011,0.1278,
1,2012,0.1268,
1,2013,0.1323,
1,2014,0.1273,
1,2015,0.1274,
1,2016,0.127,
1,2017,0.1262,
1,2018,0.1269,
1,2019,0.1249,
1,2020,0.1255,
1,2021,0.125,
1,2022,0.1257,
1,2023,0.1272,
1,2024,0.1263,
1,2025,0.1243,
1,2026,0.1258,
1,2027,0.121,
1,2028,0.1262,
1,2029,0.1252,
1,2030,0.1246,
1,2031,0.1237,
1,2032,0.1256,
1,2033,0.1227,
1,2034,0.1252,
1,2035,0.124,
1,2036,0.1239,
1,2037,0.1235,
1,2038,0.1254,
1,2039,0.1238,
1,2040,0.1247,
1,2041,0.1235,
1,2042,0.1235,
1,2043,0.1233,
1,2044,0.1279,
1,2045,0.1227,
1,2046,0.1225,
1,2047,0.1227,
1,2048,0.1223,
1,2049,0.1202,
1,2050,0.1235,
1,2051,0.122,
1,2052,0.1202,
1,2053,0.1204,
1,2054,0.1205,
1,2055,0.1233,
1,2056,0.1201,
1,2057,0.1203,
1,2058,0.1194,
1,2059,0.1195,
1,2060,0.1181,
1,2061,0.12,
1,2062,0.1235,
1,2063,0.1191,
1,2064,0.1207,
1,2065,0.1189,
1,2066,0.1209,
1,2067,0.1215,
1,2068,0.1198,
1,2069,0.1197,
1,2070,0.1203,
1,2071,0.1192,
1,2072,0.12,
1,2073,0.1199,
1,2074,0.1184,
1,2075,0.1178,
1,2076,0.119,
1,2077,0.1173,
1,2078,0.1182,
1,2079,0.1187,
1,2080,0.1182,
1,2081,0.1175,
1,2082,0.1177,
1,2083,0.1179,
1,2084,0.1181,
1,2085,0.1185,
1,2086,0.1174,
1,2087,0.1181,
1,2088,0.1164,
1,2089,0.117,
1,2090,0.1176,
1,2091,0.1179,
1,2092,0.119,
1,2093,0.1171,
1,2094,0.1174,
1,2095,0.1207,
1,2096,0.1159,
1,2097,0.1159,
1,2098,0.1187,
1,2099,0.117,
1,2100,0.1164,
1,2101,0.1137,
1,2102,0.1158,
1,2103,0.116,
1,2104,0.1139,
1,2105,0.1153,
1,2106,0.1153,
1,2107,0.1154,
1,2108,0.1176,
1,2109,0.115,
1,2110,0.1162,
1,2111,0.1149,
1,2112,0.1182,
1,2113,0.1142,
1,2114,0.1159,
1,2115,0.1178,
1,2116,0.1153,
1,2117,0.1157,
1,2118,0.1147,
1,2119,0.1148,
1,2120,0.115,
1,2121,0.1141,
1,2122,0.1141,
1,2123,0.1151,
1,2124,0.1147,
1,2125,0.1146,
1,2126,0.1085,
1,2127,0.1147,
1,2128,0.1148,
1,2129,0.116,
1,2130,0.1153,
1,2131,0.1151,
1,2132,0.1152,
1,2133,0.1139,
1,2134,0.1117,
1,2135,0.1132,
1,2136,0.1135,
1,2137,0.1142,
1,2138,0.1151,
1,2139,0.1146,
1,2140,0.1132,
1,2141,0.1142,
1,2142,0.1107,
1,2143,0.1179,
1,2144,0.1135,
1,2145,0.1118,
1,2146,0.1105,
1,2147,0.1174,
1,2148,0.1128,
1,2149,0.1105,
1,2150,0.1141,
1,2151,0.1122,
1,2152,0.1111,
1,2153,0.1102,
1,2154,0.1108,
1,2155,0.1122,
1,2156,0.1117,
1,2157,0.1111,
1,2158,0.1122,
1,2159,0.1107,
1,2160,0.1113,
1,2161,0.1126,
1,2162,0.1113,
1,2163,0.1112,
1,2164,0.1119,
1,2165,0.1105,
1,2166,0.1114,
1,2167,0.1098,
1,2168,0.1106,
1,2169,0.111,
1,2170,0.1096,
1,2171,0.1103,
1,2172,0.1114,
1,2173,0.1113,
1,2174,0.1096,
1,2175,0.1102,
1,2176,0.109,
1,2177,0.1118,
1,2178,0.1096,
1,2179,0.1109,
1,2180,0.1063,
1,2181,0.1086,
1,2182,0.1083,
1,2183,0.1078,
1,2184,0.1074,
1,2185,0.1087,
1,2186,0.1068,
1,2187,0.1071,
1,2188,0.1071,
1,2189,0.1071,
1,2190,0.1089,
1,2191,0.1081,
1,2192,0.1093,
1,2193,0.1064,
1,2194,0.1045,
1,2195,0.1067,
1,2196,0.1085,
1,2197,0.105,
1,2198,0.1059,
1,2199,0.1076,
1,2200,0.1078,
1,2201,0.107,
1,2202,0.1045,
1,2203,0.1061,
1,2204,0.1041,
1,2205,0.1061,
1,2206,0.105,
1,2207,0.1041,
1,2208,0.1047,
1,2209,0.1043,
1,2210,0.105,
1,2211,0.1044,
1,2212,0.1057,
1,2213,0.1069,
1,2214,0.1057,
1,2215,0.1054,
1,2216,0.104,
1,2217,0.1075,
1,2218,0.1044,
1,2219,0.105,
1,2220,0.1024,
1,2221,0.1077,
1,2222,0.1044,
1,2223,0.1054,
1,2224,0.1019,
1,2225,0.1034,
1,2226,0.1024,
1,2227,0.1035,
1,2228,0.1057,
1,2229,0.1048,
1,2230,0.1047,
1,2231,0.0989,
1,2232,0.1051,
1,2233,0.102,
1,2234,0.1,
1,2235,0.1047,
1,2236,0.1033,
1,2237,0.1026,
1,2238,0.1038,
1,2239,0.1024,
1,2240,0.1038,
1,2241,0.1044,
1,2242,0.1027,
1,2243,0.1019,
1,2244,0.1003,
1,2245,0.1032,
1,2246,0.1048,
1,2247,0.104,
1,2248,0.0975,
1,2249,0.1033,
1,2250,0.1028,
1,2251,0.1038,
1,2252,0.1022,
1,2253,0.1024,
1,2254,0.1001,
1,2255,0.1023,
1,2256,0.1008,
1,2257,0.1015,
1,2258,0.1015,
1,2259,0.1026,
1,2260,0.1017,
1,2261,0.1026,
1,2262,0.1014,
1,2263,0.1016,
1,2264,0.103,
1,2265,0.1011,
1,2266,0.0995,
1,2267,0.0996,
1,2268,0.1058,
1,2269,0.1,
1,2270,0.101,
1,2271,0.0988,
1,2272,0.0997,
1,2273,0.1014,
1,2274,0.0999,
1,2275,0.0982,
1,2276,0.0997,
1,2277,0.1014,
1,2278,0.099,
1,2279,0.0994,
1,2280,0.1002,
1,2281,0.0971,
1,2282,0.0977,
1,2283,0.0994,
1,2284,0.0979,
1,2285,0.0983,
1,2286,0.099,
1,2287,0.0991,
1,2288,0.0972,
1,2289,0.0979,
1,2290,0.0985,
1,2291,0.0974,
1,2292,0.0997,
1,2293,0.0971,
1,2294,0.0977,
1,2295,0.0976,
1,2296,0.0966,
1,2297,0.0968,
1,2298,0.0987,
1,2299,0.0961,
1,2300,0.0959,
1,2301,0.0957,
1,2302,0.0944,
1,2303,0.0975,
1,2304,0.0963,
1,2305,0.0962,
1,2306,0.0972,
1,2307,0.096,
1,2308,0.093,
1,2309,0.0958,
